1a17c073dd86c494ab6da10c5e992573d125185e49c6834fe21f39a1c05a2096 48 21 7029 5722
57bbdd1aa0f264043c0e40892a652074a39af58cef3d97c4d31e203e45384530 6 6 201 145
ec0eff73cffd4672dda2c498bcc042ea74875e5ae952a65f15ee8c8c138a2df1 12 12 637 555
e8e0b36f60cff66b415320126795481d05fee5f016d2f8e165987a3a1f776531 2 2 198 5
4648b023d42097f964fcccfd8a0de6652e7c80539518d58abb33ad23a64aab6a 3 3 163 20
abfbdfddfe6ad2f0ec42cb4c1c2aabe28295217448db8a41e2d7b59cd9c2fff0 10 10 1513 6
b531fb59207bfc847f6a70da8ea284eebb9b19db73229a57d8f871fec355395e 9 9 3705 209
536887ffb5df4b0f44532ae2c4b6f80bd128f9885223e44656cbb174cb26036e 64 3 427 31
165c508402e435724a21b73788ebaa76221e3f227fdb8034033adc1ea354bb3c 29 0 0 0
33cdee33f8b8d17639a566276e8321d3554658013485fb34d3c8c71f6da63e27 20 20 2917 951
09327a163a5f80005eca8414722740b95a70699f7acb79e0f4f8227372f4449a 1 1 546 0
90300fe3b1b5ee520abe7b87faa12aceb263437483bc553bf427c01886d6f08e 25 25 3188 1057
8163214386dffe6656606570682a46ef2016a1130b2283c691c123f3dbc5cd04 1 1 3 0
708886dfc473b39a7c17895c46c323bbc9700da1b695c5c347749a862b22277b 6 6 64 2
f20017a3b99c8a2f933ff8622d0042c36ee361a098fe75bbf66cf378172a1055 13 8 903 117
5acf198e947dda1faaa6f0b14e6bd9d7d2366a93dd7bb3c3629d9b4880407b0c 1 1 0 0
b22d26bae3e0e8d368eb597ca750476399f5159762100b4e737fe151c416ca51 215 215 26766 8301
e03e2e746aa2cd1056802059fdbe1bcc6e3711f30664315402d6c5fe785f765e 1 0 0 0
807937fc786f9482aa0d616954718270f067cd145e1c49c7f3184d71bcdbfa78 1 0 0 0
b8f6a0666e0f7d47a411198f694e19fbdfb738add43fb26bd0ed2decf4746dea 5 0 0 0
d34151b5a2ceab80c322db12a2bb3632f3fb2904550744fe673773457c2334b4 10 10 3571 251
